\documentclass{standalone}
\usepackage{amsmath}
\begin{document}
\begin{bmatrix}
0.087737 & 0.184881 & 0.037791 & 0.007523 & 0.011574 & 0.012701 & 0.021612 & 0.025715 & 0.157324 & 0.083574 & 0.040220 & 0.073905 & 0.041699 & 0.014962 & 0.054870 & 0.143911 \\
0.013156 & 0.035162 & 0.149314 & 0.013910 & 0.000872 & 0.159393 & 0.011293 & 0.023130 & 0.044745 & 0.213616 & 0.005235 & 0.027248 & 0.051642 & 0.005925 & 0.215685 & 0.029675 \\
0.011307 & 0.002760 & 0.543862 & 0.011840 & 0.000922 & 0.181067 & 0.003159 & 0.004381 & 0.017547 & 0.049112 & 0.004580 & 0.005238 & 0.021617 & 0.010058 & 0.113965 & 0.018586 \\
0.016496 & 0.000927 & 0.360111 & 0.293031 & 0.015072 & 0.130129 & 0.013003 & 0.006885 & 0.010630 & 0.025587 & 0.022509 & 0.001388 & 0.014920 & 0.033407 & 0.049424 & 0.006480 \\
0.017487 & 0.007156 & 0.146385 & 0.354656 & 0.099716 & 0.028469 & 0.052988 & 0.023173 & 0.038436 & 0.074766 & 0.064247 & 0.002125 & 0.021979 & 0.018803 & 0.040107 & 0.009507 \\
0.114835 & 0.033817 & 0.244691 & 0.020074 & 0.016444 & 0.224206 & 0.004746 & 0.008336 & 0.025061 & 0.015394 & 0.011839 & 0.042920 & 0.037242 & 0.038107 & 0.057832 & 0.104456 \\
0.062071 & 0.134225 & 0.139224 & 0.063029 & 0.123152 & 0.039470 & 0.061474 & 0.007152 & 0.111533 & 0.065112 & 0.088223 & 0.017577 & 0.006463 & 0.036358 & 0.025457 & 0.019482 \\
0.116409 & 0.482900 & 0.028367 & 0.008827 & 0.070702 & 0.008801 & 0.023135 & 0.014992 & 0.055871 & 0.011570 & 0.037339 & 0.054843 & 0.006221 & 0.021701 & 0.008553 & 0.049767 \\
0.008204 & 0.007462 & 0.275766 & 0.070940 & 0.006163 & 0.203680 & 0.033767 & 0.033319 & 0.090466 & 0.124574 & 0.009955 & 0.004545 & 0.022962 & 0.006556 & 0.090635 & 0.011005 \\
0.032705 & 0.064586 & 0.222032 & 0.026145 & 0.020543 & 0.091067 & 0.020682 & 0.010363 & 0.196737 & 0.197853 & 0.022741 & 0.017643 & 0.005643 & 0.019855 & 0.037074 & 0.014333 \\
0.001530 & 0.000227 & 0.247026 & 0.186831 & 0.003941 & 0.234877 & 0.024706 & 0.017146 & 0.019678 & 0.169183 & 0.015499 & 0.000291 & 0.012562 & 0.003581 & 0.061066 & 0.001855 \\
0.012578 & 0.006950 & 0.173807 & 0.012298 & 0.000746 & 0.369145 & 0.007656 & 0.040226 & 0.018478 & 0.064001 & 0.003068 & 0.052313 & 0.076715 & 0.003851 & 0.113357 & 0.044810 \\
0.085349 & 0.329873 & 0.028435 & 0.004024 & 0.018971 & 0.009851 & 0.012009 & 0.015092 & 0.112961 & 0.025243 & 0.042911 & 0.164408 & 0.031063 & 0.011168 & 0.012183 & 0.096461 \\
0.025086 & 0.028409 & 0.182261 & 0.037321 & 0.016238 & 0.077503 & 0.030075 & 0.024464 & 0.152176 & 0.173065 & 0.059209 & 0.027134 & 0.050815 & 0.033949 & 0.052385 & 0.029911 \\
0.003766 & 0.000494 & 0.268796 & 0.013976 & 0.000506 & 0.416442 & 0.002542 & 0.005600 & 0.008883 & 0.037269 & 0.002415 & 0.005766 & 0.037359 & 0.009913 & 0.178385 & 0.007888 \\
0.005848 & 0.006199 & 0.141747 & 0.009506 & 0.000578 & 0.131704 & 0.007259 & 0.025578 & 0.033334 & 0.096360 & 0.004536 & 0.022246 & 0.131427 & 0.005148 & 0.270268 & 0.108263
\end{bmatrix}
\end{document}
